12
  9.1   72   9 29.9  -2.993 1.004  -34   1  9.75  7.12     8.5             -3.0
-34   1  9.75  7.12     8.52		-3.0    	-9.8   39.012  -9 0 0 0
9   0   0 0 -8.238  	 9.3   72   9 29.9  -2.993 1.004 0
	8	0	0	 0    9.983   72   9 29.9 9.983   72   9 29.9
-9.8   39.012  -9 0 0 0 -9.8   39.012  -9 0 0 0
1.111     3.3   -12  3.3 0 0 -9.8   39.012  -9 0 0 0
9.3   72   9 29.9  -2.993 1.004 0 9.3   72   9 29.9  -2.993
	 -2.993 1.004 0 9.3    -2.993 1.004 0 9.3 	-2.993 1.004 0 9.3
9       8       0       0 9 29.9  -2.993 1.004  -34   1  9.75  7.12
9.3   72   9 29.9  -2.993 1.004 0     0 9 29.9  -2.993 1.004
     	72   9 29.9  -2.993 1.004 0   9.75  7.12     8.5             -3.345 0 -1.24
  -9 0 0 0 -2.993 1.004 0  9.983   72   9 29.9  -9.398